Dataset {
    Grid {
     ARRAY:
        Int32 mean_wave_dir[time = 7][frequency = 64][latitude = 1][longitude = 1];
     MAPS:
        Int32 time[time = 7];
        Float32 frequency[frequency = 64];
        Float32 latitude[latitude = 1];
        Float32 longitude[longitude = 1];
    } mean_wave_dir;
} data/swden/44097/44097w9999.nc;
---------------------------------------------
mean_wave_dir.mean_wave_dir[7][64][1][1]
[0][0][0], 260
[0][1][0], 344
[0][2][0], 184
[0][3][0], 256
[0][4][0], 136
[0][5][0], 160
[0][6][0], 72
[0][7][0], 144
[0][8][0], 104
[0][9][0], 120
[0][10][0], 148
[0][11][0], 132
[0][12][0], 132
[0][13][0], 120
[0][14][0], 80
[0][15][0], 128
[0][16][0], 148
[0][17][0], 128
[0][18][0], 108
[0][19][0], 96
[0][20][0], 104
[0][21][0], 124
[0][22][0], 152
[0][23][0], 160
[0][24][0], 148
[0][25][0], 136
[0][26][0], 144
[0][27][0], 124
[0][28][0], 100
[0][29][0], 104
[0][30][0], 96
[0][31][0], 92
[0][32][0], 100
[0][33][0], 84
[0][34][0], 92
[0][35][0], 92
[0][36][0], 100
[0][37][0], 112
[0][38][0], 132
[0][39][0], 124
[0][40][0], 156
[0][41][0], 148
[0][42][0], 160
[0][43][0], 168
[0][44][0], 172
[0][45][0], 188
[0][46][0], 180
[0][47][0], 180
[0][48][0], 176
[0][49][0], 184
[0][50][0], 180
[0][51][0], 184
[0][52][0], 176
[0][53][0], 188
[0][54][0], 192
[0][55][0], 176
[0][56][0], 188
[0][57][0], 184
[0][58][0], 184
[0][59][0], 180
[0][60][0], 184
[0][61][0], 188
[0][62][0], 184
[0][63][0], 188
[1][0][0], 144
[1][1][0], 180
[1][2][0], 208
[1][3][0], 184
[1][4][0], 188
[1][5][0], 160
[1][6][0], 148
[1][7][0], 156
[1][8][0], 128
[1][9][0], 132
[1][10][0], 132
[1][11][0], 116
[1][12][0], 112
[1][13][0], 84
[1][14][0], 136
[1][15][0], 128
[1][16][0], 144
[1][17][0], 152
[1][18][0], 120
[1][19][0], 104
[1][20][0], 104
[1][21][0], 128
[1][22][0], 124
[1][23][0], 160
[1][24][0], 120
[1][25][0], 132
[1][26][0], 160
[1][27][0], 148
[1][28][0], 128
[1][29][0], 108
[1][30][0], 108
[1][31][0], 120
[1][32][0], 120
[1][33][0], 116
[1][34][0], 148
[1][35][0], 172
[1][36][0], 172
[1][37][0], 180
[1][38][0], 184
[1][39][0], 192
[1][40][0], 188
[1][41][0], 196
[1][42][0], 184
[1][43][0], 188
[1][44][0], 188
[1][45][0], 188
[1][46][0], 180
[1][47][0], 184
[1][48][0], 180
[1][49][0], 196
[1][50][0], 192
[1][51][0], 188
[1][52][0], 192
[1][53][0], 188
[1][54][0], 184
[1][55][0], 180
[1][56][0], 192
[1][57][0], 188
[1][58][0], 188
[1][59][0], 188
[1][60][0], 176
[1][61][0], 188
[1][62][0], 188
[1][63][0], 192
[2][0][0], 68
[2][1][0], 92
[2][2][0], 220
[2][3][0], 84
[2][4][0], 200
[2][5][0], 208
[2][6][0], 180
[2][7][0], 144
[2][8][0], 168
[2][9][0], 148
[2][10][0], 120
[2][11][0], 92
[2][12][0], 100
[2][13][0], 176
[2][14][0], 136
[2][15][0], 104
[2][16][0], 144
[2][17][0], 124
[2][18][0], 120
[2][19][0], 104
[2][20][0], 100
[2][21][0], 136
[2][22][0], 128
[2][23][0], 136
[2][24][0], 128
[2][25][0], 152
[2][26][0], 136
[2][27][0], 136
[2][28][0], 136
[2][29][0], 132
[2][30][0], 132
[2][31][0], 132
[2][32][0], 156
[2][33][0], 156
[2][34][0], 168
[2][35][0], 196
[2][36][0], 192
[2][37][0], 196
[2][38][0], 188
[2][39][0], 188
[2][40][0], 184
[2][41][0], 180
[2][42][0], 180
[2][43][0], 188
[2][44][0], 196
[2][45][0], 196
[2][46][0], 192
[2][47][0], 180
[2][48][0], 184
[2][49][0], 184
[2][50][0], 192
[2][51][0], 192
[2][52][0], 196
[2][53][0], 196
[2][54][0], 188
[2][55][0], 180
[2][56][0], 188
[2][57][0], 188
[2][58][0], 184
[2][59][0], 192
[2][60][0], 188
[2][61][0], 196
[2][62][0], 196
[2][63][0], 192
[3][0][0], 188
[3][1][0], 232
[3][2][0], 184
[3][3][0], 192
[3][4][0], 224
[3][5][0], 180
[3][6][0], 164
[3][7][0], 148
[3][8][0], 144
[3][9][0], 160
[3][10][0], 80
[3][11][0], 120
[3][12][0], 124
[3][13][0], 132
[3][14][0], 172
[3][15][0], 116
[3][16][0], 148
[3][17][0], 152
[3][18][0], 128
[3][19][0], 116
[3][20][0], 120
[3][21][0], 128
[3][22][0], 120
[3][23][0], 132
[3][24][0], 128
[3][25][0], 140
[3][26][0], 172
[3][27][0], 184
[3][28][0], 184
[3][29][0], 188
[3][30][0], 188
[3][31][0], 192
[3][32][0], 184
[3][33][0], 184
[3][34][0], 192
[3][35][0], 196
[3][36][0], 184
[3][37][0], 196
[3][38][0], 196
[3][39][0], 200
[3][40][0], 200
[3][41][0], 192
[3][42][0], 188
[3][43][0], 188
[3][44][0], 184
[3][45][0], 188
[3][46][0], 184
[3][47][0], 188
[3][48][0], 196
[3][49][0], 208
[3][50][0], 204
[3][51][0], 200
[3][52][0], 196
[3][53][0], 212
[3][54][0], 200
[3][55][0], 180
[3][56][0], 196
[3][57][0], 200
[3][58][0], 208
[3][59][0], 200
[3][60][0], 200
[3][61][0], 200
[3][62][0], 208
[3][63][0], 200
[4][0][0], 168
[4][1][0], 188
[4][2][0], 196
[4][3][0], 192
[4][4][0], 204
[4][5][0], 168
[4][6][0], 176
[4][7][0], 144
[4][8][0], 160
[4][9][0], 152
[4][10][0], 96
[4][11][0], 108
[4][12][0], 124
[4][13][0], 168
[4][14][0], 128
[4][15][0], 176
[4][16][0], 136
[4][17][0], 120
[4][18][0], 112
[4][19][0], 148
[4][20][0], 128
[4][21][0], 152
[4][22][0], 160
[4][23][0], 168
[4][24][0], 172
[4][25][0], 188
[4][26][0], 200
[4][27][0], 188
[4][28][0], 196
[4][29][0], 196
[4][30][0], 204
[4][31][0], 200
[4][32][0], 200
[4][33][0], 208
[4][34][0], 200
[4][35][0], 204
[4][36][0], 188
[4][37][0], 208
[4][38][0], 200
[4][39][0], 204
[4][40][0], 200
[4][41][0], 196
[4][42][0], 192
[4][43][0], 200
[4][44][0], 192
[4][45][0], 208
[4][46][0], 212
[4][47][0], 200
[4][48][0], 192
[4][49][0], 200
[4][50][0], 196
[4][51][0], 184
[4][52][0], 200
[4][53][0], 200
[4][54][0], 208
[4][55][0], 204
[4][56][0], 188
[4][57][0], 192
[4][58][0], 196
[4][59][0], 200
[4][60][0], 216
[4][61][0], 216
[4][62][0], 204
[4][63][0], 188
[5][0][0], 200
[5][1][0], 196
[5][2][0], 196
[5][3][0], 204
[5][4][0], 236
[5][5][0], 228
[5][6][0], 212
[5][7][0], 180
[5][8][0], 180
[5][9][0], 172
[5][10][0], 100
[5][11][0], 116
[5][12][0], 136
[5][13][0], 152
[5][14][0], 124
[5][15][0], 180
[5][16][0], 180
[5][17][0], 176
[5][18][0], 124
[5][19][0], 140
[5][20][0], 136
[5][21][0], 128
[5][22][0], 180
[5][23][0], 196
[5][24][0], 204
[5][25][0], 200
[5][26][0], 204
[5][27][0], 208
[5][28][0], 200
[5][29][0], 196
[5][30][0], 200
[5][31][0], 204
[5][32][0], 204
[5][33][0], 208
[5][34][0], 200
[5][35][0], 200
[5][36][0], 196
[5][37][0], 200
[5][38][0], 188
[5][39][0], 212
[5][40][0], 212
[5][41][0], 196
[5][42][0], 196
[5][43][0], 200
[5][44][0], 196
[5][45][0], 196
[5][46][0], 204
[5][47][0], 208
[5][48][0], 212
[5][49][0], 204
[5][50][0], 208
[5][51][0], 196
[5][52][0], 200
[5][53][0], 200
[5][54][0], 232
[5][55][0], 220
[5][56][0], 212
[5][57][0], 208
[5][58][0], 200
[5][59][0], 208
[5][60][0], 208
[5][61][0], 208
[5][62][0], 220
[5][63][0], 236
[6][0][0], 180
[6][1][0], 208
[6][2][0], 204
[6][3][0], 220
[6][4][0], 192
[6][5][0], 208
[6][6][0], 228
[6][7][0], 212
[6][8][0], 132
[6][9][0], 148
[6][10][0], 172
[6][11][0], 156
[6][12][0], 124
[6][13][0], 140
[6][14][0], 204
[6][15][0], 148
[6][16][0], 160
[6][17][0], 164
[6][18][0], 112
[6][19][0], 132
[6][20][0], 168
[6][21][0], 188
[6][22][0], 204
[6][23][0], 204
[6][24][0], 204
[6][25][0], 204
[6][26][0], 200
[6][27][0], 204
[6][28][0], 208
[6][29][0], 204
[6][30][0], 196
[6][31][0], 204
[6][32][0], 208
[6][33][0], 216
[6][34][0], 220
[6][35][0], 208
[6][36][0], 212
[6][37][0], 208
[6][38][0], 196
[6][39][0], 188
[6][40][0], 204
[6][41][0], 204
[6][42][0], 196
[6][43][0], 224
[6][44][0], 212
[6][45][0], 200
[6][46][0], 208
[6][47][0], 212
[6][48][0], 212
[6][49][0], 204
[6][50][0], 204
[6][51][0], 216
[6][52][0], 208
[6][53][0], 200
[6][54][0], 212
[6][55][0], 192
[6][56][0], 188
[6][57][0], 208
[6][58][0], 228
[6][59][0], 200
[6][60][0], 196
[6][61][0], 224
[6][62][0], 188
[6][63][0], 188

mean_wave_dir.time[7]
1511902800, 1511906400, 1511910000, 1511913600, 1511917200, 1511920800, 1511924400

mean_wave_dir.frequency[64]
0.025, 0.03, 0.035, 0.04, 0.045, 0.05, 0.055, 0.06, 0.065, 0.07, 0.075, 0.08, 0.085, 0.09, 0.095, 0.101, 0.11, 0.12, 0.13, 0.14, 0.15, 0.16, 0.17, 0.18, 0.19, 0.2, 0.21, 0.22, 0.23, 0.24, 0.25, 0.26, 0.27, 0.28, 0.29, 0.3, 0.31, 0.32, 0.33, 0.34, 0.35, 0.36, 0.37, 0.38, 0.39, 0.4, 0.41, 0.42, 0.43, 0.44, 0.45, 0.46, 0.47, 0.48, 0.49, 0.5, 0.51, 0.52, 0.53, 0.54, 0.55, 0.56, 0.57, 0.58

mean_wave_dir.latitude[1]
40.969

mean_wave_dir.longitude[1]
-71.127


